  -10.0000000    
  -9.97999954    
  -9.96000004    
  -9.93999958    
  -9.92000008    
  -9.89999962    
  -9.88000011    
  -9.85999966    
  -9.84000015    
  -9.81999969    
  -9.80000019    
  -9.77999973    
  -9.76000023    
  -9.73999977    
  -9.72000027    
  -9.69999981    
  -9.68000031    
  -9.65999985    
  -9.64000034    
  -9.61999989    
  -9.60000038    
  -9.57999992    
  -9.56000042    
  -9.53999996    
  -9.52000046    
  -9.50000000    
  -9.47999954    
  -9.46000004    
  -9.43999958    
  -9.42000008    
  -9.39999962    
  -9.38000011    
  -9.35999966    
  -9.34000015    
  -9.31999969    
  -9.30000019    
  -9.27999973    
  -9.26000023    
  -9.23999977    
  -9.22000027    
  -9.19999981    
  -9.18000031    
  -9.15999985    
  -9.14000034    
  -9.11999989    
  -9.10000038    
  -9.07999992    
  -9.06000042    
  -9.03999996    
  -9.02000046    
  -9.00000000    
  -8.97999954    
  -8.96000004    
  -8.94000053    
  -8.92000008    
  -8.89999962    
  -8.88000011    
  -8.85999966    
  -8.84000015    
  -8.81999969    
  -8.80000019    
  -8.77999973    
  -8.76000023    
  -8.73999977    
  -8.72000027    
  -8.69999981    
  -8.68000031    
  -8.65999985    
  -8.64000034    
  -8.61999989    
  -8.60000038    
  -8.57999992    
  -8.56000042    
  -8.53999996    
  -8.52000046    
  -8.50000000    
  -8.47999954    
  -8.46000004    
  -8.44000053    
  -8.42000008    
  -8.39999962    
  -8.38000011    
  -8.35999966    
  -8.34000015    
  -8.31999969    
  -8.30000019    
  -8.27999973    
  -8.26000023    
  -8.23999977    
  -8.22000027    
  -8.19999981    
  -8.18000031    
  -8.15999985    
  -8.14000034    
  -8.11999989    
  -8.10000038    
  -8.07999992    
  -8.06000042    
  -8.03999996    
  -8.02000046    
  -8.00000000    
  -7.98000002    
  -7.96000004    
  -7.94000006    
  -7.92000008    
  -7.90000010    
  -7.88000011    
  -7.86000013    
  -7.84000015    
  -7.81999969    
  -7.80000019    
  -7.77999973    
  -7.76000023    
  -7.73999977    
  -7.72000027    
  -7.69999981    
  -7.68000031    
  -7.65999985    
  -7.64000034    
  -7.61999989    
  -7.60000038    
  -7.57999992    
  -7.55999994    
  -7.53999996    
  -7.51999998    
  -7.50000000    
  -7.48000002    
  -7.46000004    
  -7.44000006    
  -7.42000008    
  -7.40000010    
  -7.38000011    
  -7.36000013    
  -7.34000015    
  -7.32000017    
  -7.30000019    
  -7.27999973    
  -7.26000023    
  -7.23999977    
  -7.22000027    
  -7.19999981    
  -7.18000031    
  -7.15999985    
  -7.14000034    
  -7.11999989    
  -7.10000038    
  -7.07999992    
  -7.06000042    
  -7.03999996    
  -7.01999998    
  -7.00000000    
  -6.98000002    
  -6.96000004    
  -6.94000006    
  -6.92000008    
  -6.90000010    
  -6.88000011    
  -6.86000013    
  -6.84000015    
  -6.82000017    
  -6.80000019    
  -6.77999973    
  -6.76000023    
  -6.73999977    
  -6.72000027    
  -6.69999981    
  -6.68000031    
  -6.65999985    
  -6.64000034    
  -6.61999989    
  -6.60000038    
  -6.57999992    
  -6.56000042    
  -6.53999996    
  -6.51999998    
  -6.50000000    
  -6.48000002    
  -6.46000004    
  -6.44000006    
  -6.42000008    
  -6.40000010    
  -6.38000011    
  -6.36000013    
  -6.34000015    
  -6.32000017    
  -6.30000019    
  -6.27999973    
  -6.26000023    
  -6.23999977    
  -6.22000027    
  -6.19999981    
  -6.18000031    
  -6.15999985    
  -6.14000034    
  -6.11999989    
  -6.10000038    
  -6.07999992    
  -6.06000042    
  -6.03999996    
  -6.01999998    
  -6.00000000    
  -5.98000002    
  -5.96000004    
  -5.94000006    
  -5.92000008    
  -5.90000010    
  -5.88000011    
  -5.86000013    
  -5.84000015    
  -5.82000017    
  -5.80000019    
  -5.78000021    
  -5.76000023    
  -5.74000025    
  -5.72000027    
  -5.70000029    
  -5.68000031    
  -5.66000032    
  -5.63999987    
  -5.61999989    
  -5.59999990    
  -5.57999992    
  -5.55999994    
  -5.53999996    
  -5.51999998    
  -5.50000000    
  -5.48000002    
  -5.46000004    
  -5.44000006    
  -5.42000008    
  -5.40000010    
  -5.38000011    
  -5.36000013    
  -5.34000015    
  -5.32000017    
  -5.30000019    
  -5.28000021    
  -5.26000023    
  -5.24000025    
  -5.22000027    
  -5.20000029    
  -5.18000031    
  -5.16000032    
  -5.14000034    
  -5.11999989    
  -5.09999990    
  -5.07999992    
  -5.05999994    
  -5.03999996    
  -5.01999998    
  -5.00000000    
  -4.98000002    
  -4.96000004    
  -4.94000006    
  -4.92000008    
  -4.90000010    
  -4.88000011    
  -4.86000013    
  -4.84000015    
  -4.82000017    
  -4.80000019    
  -4.78000021    
  -4.76000023    
  -4.74000025    
  -4.72000027    
  -4.70000029    
  -4.68000031    
  -4.66000032    
  -4.64000034    
  -4.61999989    
  -4.59999990    
  -4.57999992    
  -4.55999994    
  -4.53999996    
  -4.51999998    
  -4.50000000    
  -4.48000002    
  -4.46000004    
  -4.44000006    
  -4.42000008    
  -4.40000010    
  -4.38000011    
  -4.36000013    
  -4.34000015    
  -4.32000017    
  -4.30000019    
  -4.28000021    
  -4.26000023    
  -4.24000025    
  -4.22000027    
  -4.20000029    
  -4.18000031    
  -4.16000032    
  -4.14000034    
  -4.12000036    
  -4.09999990    
  -4.07999992    
  -4.05999994    
  -4.03999996    
  -4.01999998    
  -4.00000000    
  -3.98000002    
  -3.96000004    
  -3.94000006    
  -3.92000008    
  -3.90000010    
  -3.88000011    
  -3.86000013    
  -3.84000015    
  -3.82000017    
  -3.80000019    
  -3.78000021    
  -3.76000023    
  -3.74000025    
  -3.72000027    
  -3.70000029    
  -3.68000031    
  -3.66000032    
  -3.64000034    
  -3.62000036    
  -3.60000038    
  -3.57999992    
  -3.55999994    
  -3.53999996    
  -3.51999998    
  -3.50000000    
  -3.48000002    
  -3.46000004    
  -3.44000006    
  -3.42000008    
  -3.40000010    
  -3.38000011    
  -3.36000013    
  -3.34000015    
  -3.32000017    
  -3.30000019    
  -3.28000021    
  -3.26000023    
  -3.24000025    
  -3.22000027    
  -3.20000029    
  -3.18000031    
  -3.16000032    
  -3.14000034    
  -3.12000036    
  -3.10000038    
  -3.07999992    
  -3.05999994    
  -3.03999996    
  -3.01999998    
  -3.00000000    
  -2.98000002    
  -2.96000004    
  -2.94000006    
  -2.92000008    
  -2.90000010    
  -2.88000011    
  -2.86000013    
  -2.84000015    
  -2.82000017    
  -2.80000019    
  -2.78000021    
  -2.76000023    
  -2.74000025    
  -2.72000027    
  -2.70000029    
  -2.68000031    
  -2.66000032    
  -2.64000034    
  -2.62000036    
  -2.60000038    
  -2.58000040    
  -2.55999994    
  -2.53999996    
  -2.51999998    
  -2.50000000    
  -2.48000002    
  -2.46000004    
  -2.44000006    
  -2.42000008    
  -2.40000010    
  -2.38000011    
  -2.36000013    
  -2.34000015    
  -2.32000017    
  -2.30000019    
  -2.28000021    
  -2.26000023    
  -2.24000025    
  -2.22000027    
  -2.20000029    
  -2.18000031    
  -2.16000032    
  -2.14000034    
  -2.12000036    
  -2.10000038    
  -2.08000040    
  -2.05999994    
  -2.03999996    
  -2.01999998    
  -2.00000000    
  -1.98000050    
  -1.96000004    
  -1.94000053    
  -1.92000008    
  -1.90000057    
  -1.88000011    
  -1.86000061    
  -1.84000015    
  -1.82000065    
  -1.80000019    
  -1.77999973    
  -1.76000023    
  -1.73999977    
  -1.72000027    
  -1.69999981    
  -1.68000031    
  -1.65999985    
  -1.64000034    
  -1.61999989    
  -1.60000038    
  -1.57999992    
  -1.56000042    
  -1.53999996    
  -1.52000046    
  -1.50000000    
  -1.48000050    
  -1.46000004    
  -1.44000053    
  -1.42000008    
  -1.40000057    
  -1.38000011    
  -1.36000061    
  -1.34000015    
  -1.32000065    
  -1.30000019    
  -1.27999973    
  -1.26000023    
  -1.23999977    
  -1.22000027    
  -1.19999981    
  -1.18000031    
  -1.15999985    
  -1.14000034    
  -1.11999989    
  -1.10000038    
  -1.07999992    
  -1.06000042    
  -1.03999996    
  -1.02000046    
  -1.00000000    
 -0.980000496    
 -0.960000038    
 -0.940000534    
 -0.920000076    
 -0.900000572    
 -0.880000114    
 -0.860000610    
 -0.840000153    
 -0.820000648    
 -0.800000191    
 -0.779999733    
 -0.760000229    
 -0.739999771    
 -0.720000267    
 -0.699999809    
 -0.680000305    
 -0.659999847    
 -0.640000343    
 -0.619999886    
 -0.600000381    
 -0.579999924    
 -0.560000420    
 -0.539999962    
 -0.520000458    
 -0.500000000    
 -0.480000496    
 -0.460000038    
 -0.440000534    
 -0.420000076    
 -0.400000572    
 -0.380000114    
 -0.360000610    
 -0.340000153    
 -0.320000648    
 -0.300000191    
 -0.280000687    
 -0.260000229    
 -0.239999771    
 -0.220000267    
 -0.199999809    
 -0.180000305    
 -0.159999847    
 -0.140000343    
 -0.119999886    
 -0.100000381    
  -7.99999237E-02
  -6.00004196E-02
  -3.99999619E-02
  -2.00004578E-02
   0.00000000    
   1.99995041E-02
   3.99999619E-02
   5.99994659E-02
   7.99999237E-02
   9.99994278E-02
  0.119999886    
  0.139999390    
  0.159999847    
  0.179999352    
  0.199999809    
  0.219999313    
  0.239999771    
  0.260000229    
  0.279999733    
  0.300000191    
  0.319999695    
  0.340000153    
  0.359999657    
  0.380000114    
  0.399999619    
  0.420000076    
  0.439999580    
  0.460000038    
  0.479999542    
  0.500000000    
  0.519999504    
  0.539999962    
  0.559999466    
  0.579999924    
  0.599999428    
  0.619999886    
  0.639999390    
  0.659999847    
  0.679999352    
  0.699999809    
  0.719999313    
  0.739999771    
  0.760000229    
  0.779999733    
  0.800000191    
  0.819999695    
  0.840000153    
  0.859999657    
  0.880000114    
  0.899999619    
  0.920000076    
  0.939999580    
  0.960000038    
  0.979999542    
   1.00000000    
   1.01999950    
   1.03999996    
   1.05999947    
   1.07999992    
   1.09999943    
   1.11999989    
   1.13999939    
   1.15999985    
   1.17999935    
   1.19999981    
   1.21999931    
   1.23999977    
   1.25999928    
   1.27999973    
   1.30000019    
   1.31999969    
   1.34000015    
   1.35999966    
   1.38000011    
   1.39999962    
   1.42000008    
   1.43999958    
   1.46000004    
   1.47999954    
   1.50000000    
   1.51999950    
   1.53999996    
   1.55999947    
   1.57999992    
   1.59999943    
   1.61999989    
   1.63999939    
   1.65999985    
   1.67999935    
   1.69999981    
   1.71999931    
   1.73999977    
   1.75999928    
   1.77999973    
   1.80000019    
   1.81999969    
   1.84000015    
   1.85999966    
   1.88000011    
   1.89999962    
   1.92000008    
   1.93999958    
   1.96000004    
   1.97999954    
   2.00000000    
   2.01999950    
   2.03999996    
   2.05999947    
   2.07999992    
   2.09999943    
   2.11999989    
   2.13999939    
   2.15999985    
   2.17999935    
   2.19999981    
   2.21999931    
   2.23999977    
   2.25999928    
   2.27999973    
   2.30000019    
   2.31999969    
   2.34000015    
   2.35999966    
   2.38000011    
   2.39999962    
   2.42000008    
   2.43999958    
   2.46000004    
   2.47999954    
   2.50000000    
   2.51999950    
   2.53999996    
   2.55999947    
   2.57999992    
   2.59999943    
   2.61999989    
   2.63999939    
   2.65999985    
   2.67999935    
   2.69999981    
   2.71999931    
   2.73999977    
   2.75999928    
   2.77999973    
   2.79999924    
   2.81999969    
   2.84000015    
   2.85999966    
   2.88000011    
   2.89999962    
   2.92000008    
   2.93999958    
   2.96000004    
   2.97999954    
   3.00000000    
   3.01999950    
   3.03999996    
   3.05999947    
   3.07999992    
   3.09999943    
   3.11999989    
   3.13999939    
   3.15999985    
   3.17999935    
   3.19999981    
   3.21999931    
   3.23999977    
   3.25999928    
   3.27999973    
   3.29999924    
   3.31999969    
   3.34000015    
   3.35999966    
   3.38000011    
   3.39999962    
   3.42000008    
   3.43999958    
   3.46000004    
   3.47999954    
   3.50000000    
   3.51999950    
   3.53999996    
   3.55999947    
   3.57999992    
   3.59999943    
   3.61999989    
   3.63999939    
   3.65999985    
   3.67999935    
   3.69999981    
   3.71999931    
   3.73999977    
   3.75999928    
   3.77999973    
   3.79999924    
   3.81999969    
   3.84000015    
   3.85999966    
   3.88000011    
   3.89999962    
   3.92000008    
   3.93999958    
   3.96000004    
   3.97999954    
   4.00000000    
   4.01999950    
   4.03999996    
   4.05999947    
   4.07999992    
   4.09999943    
   4.11999989    
   4.13999939    
   4.15999985    
   4.17999935    
   4.19999981    
   4.21999931    
   4.23999977    
   4.25999928    
   4.27999973    
   4.29999924    
   4.31999969    
   4.34000015    
   4.35999966    
   4.38000011    
   4.39999962    
   4.42000008    
   4.43999958    
   4.46000004    
   4.47999954    
   4.50000000    
   4.51999950    
   4.53999996    
   4.55999947    
   4.57999992    
   4.59999943    
   4.61999989    
   4.63999939    
   4.65999985    
   4.67999935    
   4.69999981    
   4.71999931    
   4.73999977    
   4.75999928    
   4.77999973    
   4.79999924    
   4.81999969    
   4.83999920    
   4.85999966    
   4.88000011    
   4.89999962    
   4.92000008    
   4.93999958    
   4.96000004    
   4.97999954    
   5.00000000    
   5.01999950    
   5.03999996    
   5.05999947    
   5.07999992    
   5.09999943    
   5.11999989    
   5.13999939    
   5.15999985    
   5.17999935    
   5.19999981    
   5.21999931    
   5.23999977    
   5.25999928    
   5.27999973    
   5.29999924    
   5.31999969    
   5.33999920    
   5.35999966    
   5.38000011    
   5.39999962    
   5.42000008    
   5.43999958    
   5.46000004    
   5.47999954    
   5.50000000    
   5.51999950    
   5.53999996    
   5.55999947    
   5.57999992    
   5.59999943    
   5.61999989    
   5.63999939    
   5.65999985    
   5.67999935    
   5.69999981    
   5.71999931    
   5.73999977    
   5.75999928    
   5.77999973    
   5.79999924    
   5.81999969    
   5.83999920    
   5.85999966    
   5.88000011    
   5.89999962    
   5.92000008    
   5.93999958    
   5.96000004    
   5.97999954    
   6.00000000    
   6.02000046    
   6.03999901    
   6.05999947    
   6.07999992    
   6.10000038    
   6.11999893    
   6.13999939    
   6.15999985    
   6.18000031    
   6.19999886    
   6.21999931    
   6.23999977    
   6.26000023    
   6.27999878    
   6.29999924    
   6.31999969    
   6.34000015    
   6.35999870    
   6.37999916    
   6.39999962    
   6.42000008    
   6.44000053    
   6.45999908    
   6.47999954    
   6.50000000    
   6.52000046    
   6.53999901    
   6.55999947    
   6.57999992    
   6.60000038    
   6.61999893    
   6.63999939    
   6.65999985    
   6.68000031    
   6.69999886    
   6.71999931    
   6.73999977    
   6.76000023    
   6.77999878    
   6.79999924    
   6.81999969    
   6.84000015    
   6.85999870    
   6.87999916    
   6.89999962    
   6.92000008    
   6.94000053    
   6.95999908    
   6.97999954    
   7.00000000    
   7.02000046    
   7.03999901    
   7.05999947    
   7.07999992    
   7.10000038    
   7.11999893    
   7.13999939    
   7.15999985    
   7.18000031    
   7.19999886    
   7.21999931    
   7.23999977    
   7.26000023    
   7.27999878    
   7.29999924    
   7.31999969    
   7.34000015    
   7.35999870    
   7.37999916    
   7.39999962    
   7.42000008    
   7.44000053    
   7.45999908    
   7.47999954    
   7.50000000    
   7.52000046    
   7.53999901    
   7.55999947    
   7.57999992    
   7.60000038    
   7.61999893    
   7.63999939    
   7.65999985    
   7.68000031    
   7.69999886    
   7.71999931    
   7.73999977    
   7.76000023    
   7.77999878    
   7.79999924    
   7.81999969    
   7.84000015    
   7.85999870    
   7.87999916    
   7.89999962    
   7.92000008    
   7.94000053    
   7.95999908    
   7.97999954    
   8.00000000    
   8.02000046    
   8.03999901    
   8.05999947    
   8.07999992    
   8.10000038    
   8.11999893    
   8.13999939    
   8.15999985    
   8.18000031    
   8.19999886    
   8.21999931    
   8.23999977    
   8.26000023    
   8.27999878    
   8.29999924    
   8.31999969    
   8.34000015    
   8.35999870    
   8.37999916    
   8.39999962    
   8.42000008    
   8.44000053    
   8.45999908    
   8.47999954    
   8.50000000    
   8.52000046    
   8.53999901    
   8.55999947    
   8.57999992    
   8.60000038    
   8.61999893    
   8.63999939    
   8.65999985    
   8.68000031    
   8.69999886    
   8.71999931    
   8.73999977    
   8.76000023    
   8.77999878    
   8.79999924    
   8.81999969    
   8.84000015    
   8.85999870    
   8.87999916    
   8.89999962    
   8.92000008    
   8.93999863    
   8.95999908    
   8.97999954    
   9.00000000    
   9.02000046    
   9.03999901    
   9.05999947    
   9.07999992    
   9.10000038    
   9.11999893    
   9.13999939    
   9.15999985    
   9.18000031    
   9.19999886    
   9.21999931    
   9.23999977    
   9.26000023    
   9.27999878    
   9.29999924    
   9.31999969    
   9.34000015    
   9.35999870    
   9.37999916    
   9.39999962    
   9.42000008    
   9.43999863    
   9.45999908    
   9.47999954    
   9.50000000    
   9.52000046    
   9.53999901    
   9.55999947    
   9.57999992    
   9.60000038    
   9.61999893    
   9.63999939    
   9.65999985    
   9.68000031    
   9.69999886    
   9.71999931    
   9.73999977    
   9.76000023    
   9.77999878    
   9.79999924    
   9.81999969    
   9.84000015    
   9.85999870    
   9.87999916    
   9.89999962    
   9.92000008    
   9.93999863    
   9.95999908    
   9.97999954    
