   100.000000    
   99.6007996    
   99.2024002    
   98.8048019    
   98.4080048    
   98.0120010    
   97.6167984    
   97.2223969    
   96.8287964    
   96.4359970    
   96.0439987    
   95.6528015    
   95.2623978    
   94.8727951    
   94.4839935    
   94.0959930    
   93.7087936    
   93.3223953    
   92.9367981    
   92.5519943    
   92.1679916    
   91.7847900    
   91.4023895    
   91.0207901    
   90.6399918    
   90.2599945    
   89.8807983    
   89.5023956    
   89.1247940    
   88.7479935    
   88.3719940    
   87.9967957    
   87.6223984    
   87.2487946    
   86.8759918    
   86.5039902    
   86.1327896    
   85.7623901    
   85.3927917    
   85.0239944    
   84.6559982    
   84.2887955    
   83.9223938    
   83.5567932    
   83.1919937    
   82.8279953    
   82.4647980    
   82.1024017    
   81.7407990    
   81.3799973    
   81.0199966    
   80.6607971    
   80.3023987    
   79.9448013    
   79.5880051    
   79.2320023    
   78.8768005    
   78.5223999    
   78.1688004    
   77.8160019    
   77.4640045    
   77.1128082    
   76.7624054    
   76.4128036    
   76.0640030    
   75.7160034    
   75.3688049    
   75.0224075    
   74.6768112    
   74.3320084    
   73.9880066    
   73.6448059    
   73.3024063    
   72.9608078    
   72.6200104    
   72.2800140    
   71.9408112    
   71.6024094    
   71.2648087    
   70.9280090    
   70.5920105    
   70.2568130    
   69.9224167    
   69.5888138    
   69.2560120    
   68.9240112    
   68.5928116    
   68.2624130    
   67.9328156    
   67.6040192    
   67.2760162    
   66.9488144    
   66.6224136    
   66.2968140    
   65.9720154    
   65.6480179    
   65.3248215    
   65.0024185    
   64.6808167    
   64.3600159    
   64.0400162    
   63.7208176    
   63.4024162    
   63.0848160    
   62.7680168    
   62.4520187    
   62.1368179    
   61.8224182    
   61.5088196    
   61.1960182    
   60.8840179    
   60.5728188    
   60.2624207    
   59.9528198    
   59.6440201    
   59.3360214    
   59.0288200    
   58.7224197    
   58.4168205    
   58.1120224    
   57.8080215    
   57.5048218    
   57.2024231    
   56.9008217    
   56.6000214    
   56.3000221    
   56.0008240    
   55.7024231    
   55.4048233    
   55.1080246    
   54.8120232    
   54.5168228    
   54.2224236    
   53.9288254    
   53.6360245    
   53.3440247    
   53.0528259    
   52.7624245    
   52.4728241    
   52.1840248    
   51.8960266    
   51.6088257    
   51.3224258    
   51.0368271    
   50.7520256    
   50.4680252    
   50.1848259    
   49.9024277    
   49.6208267    
   49.3400269    
   49.0600281    
   48.7808266    
   48.5024261    
   48.2248268    
   47.9480286    
   47.6720276    
   47.3968277    
   47.1224289    
   46.8488274    
   46.5760269    
   46.3040276    
   46.0328293    
   45.7624283    
   45.4928284    
   45.2240295    
   44.9560280    
   44.6888275    
   44.4224281    
   44.1568298    
   43.8920288    
   43.6280289    
   43.3648300    
   43.1024284    
   42.8408279    
   42.5800285    
   42.3200302    
   42.0608292    
   41.8024292    
   41.5448303    
   41.2880287    
   41.0320282    
   40.7768288    
   40.5224304    
   40.2688293    
   40.0160294    
   39.7640305    
   39.5128288    
   39.2624283    
   39.0128288    
   38.7640305    
   38.5160294    
   38.2688293    
   38.0224304    
   37.7768288    
   37.5320282    
   37.2880287    
   37.0448303    
   36.8024292    
   36.5608292    
   36.3200302    
   36.0800285    
   35.8408279    
   35.6024284    
   35.3648300    
   35.1280289    
   34.8920288    
   34.6568298    
   34.4224281    
   34.1888275    
   33.9560280    
   33.7240295    
   33.4928284    
   33.2624283    
   33.0328293    
   32.8040276    
   32.5760269    
   32.3488274    
   32.1224289    
   31.8968296    
   31.6720295    
   31.4480286    
   31.2248287    
   31.0024281    
   30.7808285    
   30.5600281    
   30.3400288    
   30.1208286    
   29.9024277    
   29.6848278    
   29.4680271    
   29.2520275    
   29.0368271    
   28.8224277    
   28.6088276    
   28.3960285    
   28.1840286    
   27.9728279    
   27.7624283    
   27.5528278    
   27.3440285    
   27.1360283    
   26.9288292    
   26.7224293    
   26.5168285    
   26.3120289    
   26.1080284    
   25.9048290    
   25.7024288    
   25.5008297    
   25.3000298    
   25.1000290    
   24.9008293    
   24.7024288    
   24.5048294    
   24.3080292    
   24.1120300    
   23.9168301    
   23.7224293    
   23.5288296    
   23.3360291    
   23.1440296    
   22.9528294    
   22.7624302    
   22.5728302    
   22.3840294    
   22.1960297    
   22.0088291    
   21.8224297    
   21.6368294    
   21.4520302    
   21.2680302    
   21.0848293    
   20.9024296    
   20.7208290    
   20.5400295    
   20.3600292    
   20.1808300    
   20.0024300    
   19.8248291    
   19.6480293    
   19.4720287    
   19.2968292    
   19.1224289    
   18.9488297    
   18.7760296    
   18.6040287    
   18.4328289    
   18.2624283    
   18.0928288    
   17.9240284    
   17.7560291    
   17.5888290    
   17.4224281    
   17.2568283    
   17.0920277    
   16.9280281    
   16.7648277    
   16.6024284    
   16.4408283    
   16.2800274    
   16.1200275    
   15.9608278    
   15.8024282    
   15.6448278    
   15.4880276    
   15.3320274    
   15.1768274    
   15.0224276    
   14.8688278    
   14.7160282    
   14.5640278    
   14.4128275    
   14.2624273    
   14.1128273    
   13.9640274    
   13.8160276    
   13.6688280    
   13.5224276    
   13.3768272    
   13.2320271    
   13.0880270    
   12.9448271    
   12.8024273    
   12.6608276    
   12.5200272    
   12.3800268    
   12.2408266    
   12.1024265    
   11.9648266    
   11.8280268    
   11.6920271    
   11.5568275    
   11.4224272    
   11.2888269    
   11.1560268    
   11.0240269    
   10.8928270    
   10.7624273    
   10.6328278    
   10.5040274    
   10.3760271    
   10.2488270    
   10.1224270    
   9.99682713    
   9.87202740    
   9.74802780    
   9.62482738    
   9.50242710    
   9.38082695    
   9.26002693    
   9.14002705    
   9.02082729    
   8.90242767    
   8.78482723    
   8.66802692    
   8.55202675    
   8.43682671    
   8.32242680    
   8.20882702    
   8.09602737    
   7.98402739    
   7.87282753    
   7.76242733    
   7.65282726    
   7.54402733    
   7.43602753    
   7.32882738    
   7.22242737    
   7.11682749    
   7.01202726    
   6.90802717    
   6.80482721    
   6.70242739    
   6.60082722    
   6.50002718    
   6.40002728    
   6.30082750    
   6.20242739    
   6.10482740    
   6.00802755    
   5.91202736    
   5.81682730    
   5.72242737    
   5.62882757    
   5.53602743    
   5.44402742    
   5.35282755    
   5.26242733    
   5.17282724    
   5.08402729    
   4.99602747    
   4.90882730    
   4.82242727    
   4.73682737    
   4.65202713    
   4.56802702    
   4.48482704    
   4.40242720    
   4.32082701    
   4.24002695    
   4.16002703    
   4.08082724    
   4.00242710    
   3.92482710    
   3.84802699    
   3.77202702    
   3.69682693    
   3.62242699    
   3.54882693    
   3.47602701    
   3.40402699    
   3.33282709    
   3.26242709    
   3.19282722    
   3.12402725    
   3.05602717    
   2.98882723    
   2.92242718    
   2.85682726    
   2.79202724    
   2.72802734    
   2.66482735    
   2.60242724    
   2.54082727    
   2.48002720    
   2.42002726    
   2.36082721    
   2.30242729    
   2.24482727    
   2.18802738    
   2.13202739    
   2.07682729    
   2.02242732    
   1.96882737    
   1.91602731    
   1.86402726    
   1.81282723    
   1.76242721    
   1.71282721    
   1.66402721    
   1.61602724    
   1.56882727    
   1.52242732    
   1.47682726    
   1.43202722    
   1.38802719    
   1.34482718    
   1.30242717    
   1.26082718    
   1.22002721    
   1.18002725    
   1.14082718    
   1.10242712    
   1.06482708    
   1.02802706    
  0.992027044    
  0.956827044    
  0.922426999    
  0.888826966    
  0.856026947    
  0.824026942    
  0.792826951    
  0.762426972    
  0.732827008    
  0.704026997    
  0.676027000    
  0.648827016    
  0.622427046    
  0.596827030    
  0.572027028    
  0.548027039    
  0.524827063    
  0.502427042    
  0.480827034    
  0.460027009    
  0.440026999    
  0.420826972    
  0.402426958    
  0.384826928    
  0.368026912    
  0.352026880    
  0.336826861    
  0.322426826    
  0.308826834    
  0.296026796    
  0.284026802    
  0.272826761    
  0.262426764    
  0.252826780    
  0.244026765    
  0.236026779    
  0.228826761    
  0.222426772    
  0.216826752    
  0.212026760    
  0.208026752    
  0.204826757    
  0.202426746    
  0.200826749    
  0.200026736    
  0.200026736    
  0.200826719    
  0.202426717    
  0.204826698    
  0.208026692    
  0.212026671    
  0.216826662    
  0.222426638    
  0.228826627    
  0.236026600    
  0.244026586    
  0.252826571    
  0.262426555    
  0.272826552    
  0.284026533    
  0.296026528    
  0.308826506    
  0.322426498    
  0.336826473    
  0.352026463    
  0.368026435    
  0.384826452    
  0.402426422    
  0.420826435    
  0.440026402    
  0.460026413    
  0.480826378    
  0.502426386    
  0.524826348    
  0.548026323    
  0.572026312    
  0.596826315    
  0.622426271    
  0.648826241    
  0.676026225    
  0.704026222    
  0.732826173    
  0.762426138    
  0.792826176    
  0.824026167    
  0.856026173    
  0.888826132    
  0.922426164    
  0.956826150    
  0.992026150    
   1.02802610    
   1.06482613    
   1.10242605    
   1.14082611    
   1.18002605    
   1.22002602    
   1.26082599    
   1.30242598    
   1.34482598    
   1.38802600    
   1.43202603    
   1.47682607    
   1.52242601    
   1.56882596    
   1.61602592    
   1.66402590    
   1.71282589    
   1.76242590    
   1.81282592    
   1.86402595    
   1.91602600    
   1.96882594    
   2.02242589    
   2.07682586    
   2.13202596    
   2.18802595    
   2.24482584    
   2.30242586    
   2.36082578    
   2.42002583    
   2.48002577    
   2.54082584    
   2.60242581    
   2.66482568    
   2.72802567    
   2.79202557    
   2.85682559    
   2.92242551    
   2.98882556    
   3.05602551    
   3.12402558    
   3.19282556    
   3.26242542    
   3.33282542    
   3.40402532    
   3.47602534    
   3.54882526    
   3.62242532    
   3.69682527    
   3.77202535    
   3.84802532    
   3.92482543    
   4.00242519    
   4.08082533    
   4.16002512    
   4.24002504    
   4.32082510    
   4.40242529    
   4.48482513    
   4.56802511    
   4.65202522    
   4.73682499    
   4.82242489    
   4.90882492    
   4.99602509    
   5.08402491    
   5.17282486    
   5.26242495    
   5.35282469    
   5.44402456    
   5.53602457    
   5.62882471    
   5.72242451    
   5.81682444    
   5.91202450    
   6.00802469    
   6.10482454    
   6.20242453    
   6.30082464    
   6.40002441    
   6.50002432    
   6.60082436    
   6.70242453    
   6.80482435    
   6.90802431    
   7.01202440    
   7.11682463    
   7.22242451    
   7.32882452    
   7.43602467    
   7.54402447    
   7.65282440    
   7.76242447    
   7.87282467    
   7.98402452    
   8.09602451    
   8.20882416    
   8.32242393    
   8.43682384    
   8.55202389    
   8.66802406    
   8.78482437    
   8.90242481    
   9.02082443    
   9.14002419    
   9.26002407    
   9.38082409    
   9.50242424    
   9.62482452    
   9.74802494    
   9.87202454    
   9.99682426    
   10.1224241    
   10.2488241    
   10.3760242    
   10.5040245    
   10.6328249    
   10.7624245    
   10.8928242    
   11.0240240    
   11.1560240    
   11.2888241    
   11.4224243    
   11.5568247    
   11.6920242    
   11.8280239    
   11.9648237    
   12.1024237    
   12.2408237    
   12.3800240    
   12.5200243    
   12.6608238    
   12.8024235    
   12.9448233    
   13.0880232    
   13.2320232    
   13.3768234    
   13.5224237    
   13.6688242    
   13.8160238    
   13.9640236    
   14.1128235    
   14.2624235    
   14.4128237    
   14.5640240    
   14.7160244    
   14.8688240    
   15.0224237    
   15.1768236    
   15.3320236    
   15.4880238    
   15.6448240    
   15.8024244    
   15.9608240    
   16.1200237    
   16.2800236    
   16.4408226    
   16.6024227    
   16.7648220    
   16.9280224    
   17.0920219    
   17.2568226    
   17.4224224    
   17.5888233    
   17.7560234    
   17.9240227    
   18.0928230    
   18.2624226    
   18.4328232    
   18.6040230    
   18.7760239    
   18.9488239    
   19.1224232    
   19.2968235    
   19.4720230    
   19.6480236    
   19.8248234    
   20.0024242    
   20.1808243    
   20.3600235    
   20.5400238    
   20.7208233    
   20.9024239    
   21.0848236    
   21.2680244    
   21.4520245    
   21.6368237    
   21.8224239    
   22.0088234    
   22.1960239    
   22.3840237    
   22.5728245    
   22.7624245    
   22.9528236    
   23.1440239    
   23.3360233    
   23.5288239    
   23.7224236    
   23.9168243    
   24.1120243    
   24.3080235    
   24.5048237    
   24.7024231    
   24.9008236    
   25.1000233    
   25.3000240    
   25.5008240    
   25.7024231    
   25.9048233    
   26.1080227    
   26.3120232    
   26.5168228    
   26.7224236    
   26.9288235    
   27.1360226    
   27.3440228    
   27.5528221    
   27.7624226    
   27.9728222    
   28.1840229    
   28.3960228    
   28.6088219    
   28.8224220    
   29.0368214    
   29.2520218    
   29.4680214    
   29.6848221    
   29.9024220    
   30.1208229    
   30.3400230    
   30.5600224    
   30.7808228    
   31.0024223    
   31.2248230    
   31.4480228    
   31.6720238    
   31.8968239    
   32.1224251    
   32.3488235    
   32.5760231    
   32.8040237    
   33.0328255    
   33.2624245    
   33.4928246    
   33.7240257    
   33.9560242    
   34.1888237    
   34.4224243    
   34.6568260    
   34.8920250    
   35.1280251    
   35.3648262    
   35.6024246    
   35.8408241    
   36.0800247    
   36.3200264    
   36.5608253    
   36.8024254    
   37.0448265    
   37.2880249    
   37.5320244    
   37.7768250    
   38.0224266    
   38.2688255    
   38.5160255    
   38.7640266    
   39.0128250    
   39.2624245    
   39.5128250    
   39.7640266    
   40.0160255    
   40.2688255    
   40.5224266    
   40.7768250    
   41.0320244    
   41.2880249    
   41.5448265    
   41.8024254    
   42.0608253    
   42.3200264    
   42.5800247    
   42.8408241    
   43.1024246    
   43.3648262    
   43.6280251    
   43.8920250    
   44.1568260    
   44.4224243    
   44.6888237    
   44.9560242    
   45.2240257    
   45.4928246    
   45.7624245    
   46.0328255    
   46.3040237    
   46.5760231    
   46.8488235    
   47.1224251    
   47.3968239    
   47.6720238    
   47.9480247    
   48.2248230    
   48.5024223    
   48.7808228    
   49.0600243    
   49.3400230    
   49.6208229    
   49.9024239    
   50.1848221    
   50.4680214    
   50.7520218    
   51.0368233    
   51.3224220    
   51.6088219    
   51.8960228    
   52.1840210    
   52.4728203    
   52.7624207    
   53.0528221    
   53.3440208    
   53.6360207    
   53.9288216    
   54.2224197    
   54.5168190    
   54.8120193    
   55.1080208    
   55.4048195    
   55.7024193    
   56.0008202    
   56.3000183    
   56.6000175    
   56.9008179    
   57.2024193    
   57.5048180    
   57.8080177    
   58.1120186    
   58.4168167    
   58.7224159    
   59.0288162    
   59.3360176    
   59.6440163    
   59.9528160    
   60.2624168    
   60.5728149    
   60.8840141    
   61.1960144    
   61.5088158    
   61.8224144    
   62.1368141    
   62.4520149    
   62.7680130    
   63.0848122    
   63.4024124    
   63.7208138    
   64.0400162    
   64.3600159    
   64.6808167    
   65.0024185    
   65.3248215    
   65.6480179    
   65.9720154    
   66.2968140    
   66.6224136    
   66.9488144    
   67.2760162    
   67.6040192    
   67.9328156    
   68.2624130    
   68.5928116    
   68.9240112    
   69.2560120    
   69.5888138    
   69.9224167    
   70.2568130    
   70.5920105    
   70.9280090    
   71.2648087    
   71.6024094    
   71.9408112    
   72.2800140    
   72.6200104    
   72.9608078    
   73.3024063    
   73.6448059    
   73.9880066    
   74.3320084    
   74.6768112    
   75.0224075    
   75.3688049    
   75.7160034    
   76.0640030    
   76.4128036    
   76.7624054    
   77.1128082    
   77.4640045    
   77.8160019    
   78.1688004    
   78.5223999    
   78.8768005    
   79.2320023    
   79.5880051    
   79.9448013    
   80.3023987    
   80.6607971    
   81.0199966    
   81.3799973    
   81.7407990    
   82.1024017    
   82.4647980    
   82.8279953    
   83.1919937    
   83.5567932    
   83.9223938    
   84.2887955    
   84.6559982    
   85.0239944    
   85.3927917    
   85.7623901    
   86.1327896    
   86.5039902    
   86.8759918    
   87.2487946    
   87.6223907    
   87.9967880    
   88.3719864    
   88.7479858    
   89.1247864    
   89.5023880    
   89.8807907    
   90.2599945    
   90.6399918    
   91.0207901    
   91.4023895    
   91.7847900    
   92.1679916    
   92.5519943    
   92.9367981    
   93.3223953    
   93.7087936    
   94.0959930    
   94.4839935    
   94.8727951    
   95.2623978    
   95.6528015    
   96.0439987    
   96.4359970    
   96.8287964    
   97.2223969    
   97.6167984    
   98.0120010    
   98.4080048    
   98.8048019    
   99.2024002    
   99.6007996    
   100.000000    
