   0.00000000    
   4.11987305E-04
   8.01086426E-04
   1.21307373E-03
   1.60217285E-03
   2.00653076E-03
   2.39562988E-03
   2.79998779E-03
   3.19671631E-03
   3.60107422E-03
   3.99780273E-03
   4.40979004E-03
   4.79125977E-03
   5.20324707E-03
   5.58471680E-03
   5.99670410E-03
   6.38580322E-03
   6.79779053E-03
   7.19451904E-03
   7.59887695E-03
   7.98797607E-03
   8.39233398E-03
   8.78143311E-03
   9.19342041E-03
   9.58251953E-03
   9.99450684E-03
   1.04064941E-02
   1.07955933E-02
   1.11999512E-02
   1.15890503E-02
   1.20010376E-02
   1.23901367E-02
   1.28021240E-02
   1.31912231E-02
   1.35955811E-02
   1.39846802E-02
   1.43966675E-02
   1.47857666E-02
   1.51977539E-02
   1.55868530E-02
   1.59988403E-02
   1.63879395E-02
   1.67999268E-02
   1.71890259E-02
   1.75933838E-02
   1.79901123E-02
   1.84020996E-02
   1.87911987E-02
   1.92031860E-02
   1.95922852E-02
   1.99966431E-02
   2.04086304E-02
   2.07977295E-02
   2.11944580E-02
   2.16064453E-02
   2.20108032E-02
   2.23999023E-02
   2.28042603E-02
   2.32009888E-02
   2.36053467E-02
   2.40020752E-02
   2.44140625E-02
   2.48031616E-02
   2.52075195E-02
   2.55966187E-02
   2.60086060E-02
   2.63977051E-02
   2.68096924E-02
   2.72064209E-02
   2.76107788E-02
   2.79998779E-02
   2.84042358E-02
   2.88009644E-02
   2.92053223E-02
   2.96020508E-02
   3.00140381E-02
   3.04183960E-02
   3.08074951E-02
   3.11965942E-02
   3.16085815E-02
   3.20205688E-02
   3.24096680E-02
   3.28216553E-02
   3.32107544E-02
   3.36151123E-02
   3.40118408E-02
   3.44161987E-02
   3.48129272E-02
   3.52172852E-02
   3.56140137E-02
   3.60183716E-02
   3.64074707E-02
   3.68194580E-02
   3.72085571E-02
   3.76205444E-02
   3.80096436E-02
   3.84216309E-02
   3.88107300E-02
   3.92150879E-02
   3.96118164E-02
   4.00161743E-02
   4.04167175E-02
   4.08172607E-02
   4.12139893E-02
   4.16145325E-02
   4.20188904E-02
   4.24156189E-02
   4.28161621E-02
   4.32167053E-02
   4.36248779E-02
   4.40139771E-02
   4.44221497E-02
   4.48188782E-02
   4.52232361E-02
   4.56161499E-02
   4.60243225E-02
   4.64172363E-02
   4.68215942E-02
   4.72145081E-02
   4.76226807E-02
   4.80155945E-02
   4.84237671E-02
   4.88243103E-02
   4.92210388E-02
   4.96215820E-02
   5.00221252E-02
   5.04226685E-02
   5.08232117E-02
   5.12237549E-02
   5.16242981E-02
   5.20210266E-02
   5.24215698E-02
   5.28221130E-02
   5.32226562E-02
   5.36231995E-02
   5.40237427E-02
   5.44281006E-02
   5.48210144E-02
   5.52291870E-02
   5.56221008E-02
   5.60302734E-02
   5.64231873E-02
   5.68275452E-02
   5.72204590E-02
   5.76286316E-02
   5.80215454E-02
   5.84259033E-02
   5.88226318E-02
   5.92269897E-02
   5.96275330E-02
   6.00280762E-02
   6.04248047E-02
   6.08253479E-02
   6.12258911E-02
   6.16264343E-02
   6.20269775E-02
   6.24275208E-02
   6.28280640E-02
   6.32247925E-02
   6.36253357E-02
   6.40258789E-02
   6.44340515E-02
   6.48269653E-02
   6.52313232E-02
   6.56242371E-02
   6.60324097E-02
   6.64253235E-02
   6.68296814E-02
   6.72264099E-02
   6.76307678E-02
   6.80236816E-02
   6.84318542E-02
   6.88247681E-02
   6.92291260E-02
   6.96296692E-02
   7.00302124E-02
   7.04307556E-02
   7.08274841E-02
   7.12280273E-02
   7.16285706E-02
   7.20252991E-02
   7.24258423E-02
   7.28302002E-02
   7.32269287E-02
   7.36274719E-02
   7.40280151E-02
   7.44323730E-02
   7.48252869E-02
   7.52334595E-02
   7.56263733E-02
   7.60307312E-02
   7.64274597E-02
   7.68318176E-02
   7.72247314E-02
   7.76290894E-02
   7.80258179E-02
   7.84301758E-02
   7.88230896E-02
   7.92312622E-02
   7.96318054E-02
   8.00285339E-02
   8.04290771E-02
   8.08296204E-02
   8.12301636E-02
   8.16268921E-02
   8.20274353E-02
   8.24279785E-02
   8.28247070E-02
   8.32252502E-02
   8.36257935E-02
   8.40263367E-02
   8.44268799E-02
   8.48274231E-02
   8.52279663E-02
   8.56246948E-02
   8.60252380E-02
   8.64257812E-02
   8.68263245E-02
   8.72306824E-02
   8.76312256E-02
   8.80298615E-02
   8.84304047E-02
   8.88290405E-02
   8.92295837E-02
   8.96282196E-02
   9.00287628E-02
   9.04293060E-02
   9.08279419E-02
   9.12265778E-02
   9.16271210E-02
   9.20257568E-02
   9.24263000E-02
   9.28268433E-02
   9.32254791E-02
   9.36260223E-02
   9.40265656E-02
   9.44252014E-02
   9.48257446E-02
   9.52243805E-02
   9.56249237E-02
   9.60254669E-02
   9.64260101E-02
   9.68265533E-02
   9.72251892E-02
   9.76295471E-02
   9.80300903E-02
   9.84306335E-02
   9.88292694E-02
   9.92298126E-02
   9.96303558E-02
  0.100028992    
  0.100429535    
  0.100828171    
  0.101228714    
  0.101629257    
  0.102029800    
  0.102428436    
  0.102827072    
  0.103227615    
  0.103628159    
  0.104028702    
  0.104427338    
  0.104827881    
  0.105228424    
  0.105627060    
  0.106027603    
  0.106426239    
  0.106826782    
  0.107225418    
  0.107631683    
  0.108030319    
  0.108430862    
  0.108829498    
  0.109230042    
  0.109630585    
  0.110029221    
  0.110429764    
  0.110830307    
  0.111228943    
  0.111629486    
  0.112028122    
  0.112428665    
  0.112827301    
  0.113227844    
  0.113628387    
  0.114027023    
  0.114427567    
  0.114826202    
  0.115226746    
  0.115625381    
  0.116025925    
  0.116426468    
  0.116825104    
  0.117225647    
  0.117624283    
  0.118028641    
  0.118429184    
  0.118829727    
  0.119228363    
  0.119626999    
  0.120027542    
  0.120428085    
  0.120827675    
  0.121227264    
  0.121626854    
  0.122026443    
  0.122426987    
  0.122826576    
  0.123227119    
  0.123626709    
  0.124026299    
  0.124425888    
  0.124825478    
  0.125225067    
  0.125625610    
  0.126025200    
  0.126425743    
  0.126825333    
  0.127224922    
  0.127624512    
  0.128024101    
  0.128427505    
  0.128828049    
  0.129227638    
  0.129627228    
  0.130026817    
  0.130426407    
  0.130825996    
  0.131226540    
  0.131626129    
  0.132026672    
  0.132427216    
  0.132825851    
  0.133226395    
  0.133625984    
  0.134025574    
  0.134426117    
  0.134825706    
  0.135226250    
  0.135625839    
  0.136025429    
  0.136425018    
  0.136824608    
  0.137225151    
  0.137624741    
  0.138025284    
  0.138427734    
  0.138827324    
  0.139226913    
  0.139627457    
  0.140027046    
  0.140427589    
  0.140827179    
  0.141226768    
  0.141626358    
  0.142025948    
  0.142426491    
  0.142826080    
  0.143226624    
  0.143626213    
  0.144026279    
  0.144426346    
  0.144825935    
  0.145226002    
  0.145626068    
  0.146026134    
  0.146425724    
  0.146825790    
  0.147225857    
  0.147625446    
  0.148025036    
  0.148425102    
  0.148827553    
  0.149227619    
  0.149627209    
  0.150027275    
  0.150427341    
  0.150827408    
  0.151226997    
  0.151627064    
  0.152027130    
  0.152426720    
  0.152826786    
  0.153226852    
  0.153626442    
  0.154026508    
  0.154426575    
  0.154826164    
  0.155226231    
  0.155626297    
  0.156026363    
  0.156425953    
  0.156826019    
  0.157226086    
  0.157625675    
  0.158025265    
  0.158425331    
  0.158827305    
  0.159227371    
  0.159626961    
  0.160027027    
  0.160425186    
  0.160826921    
  0.161225080    
  0.161626816    
  0.162024736    
  0.162426472    
  0.162824631    
  0.163226366    
  0.163624763    
  0.164026260    
  0.164427996    
  0.164826393    
  0.165228128    
  0.165626287    
  0.166027784    
  0.166426182    
  0.166827679    
  0.167226076    
  0.167627573    
  0.168026209    
  0.168427706    
  0.168825865    
  0.169227362    
  0.169625759    
  0.170027256    
  0.170425653    
  0.170827150    
  0.171225786    
  0.171627283    
  0.172025800    
  0.172426939    
  0.172825694    
  0.173226953    
  0.173625588    
  0.174026728    
  0.174427867    
  0.174826622    
  0.175227761    
  0.175626516    
  0.176027656    
  0.176426530    
  0.176827669    
  0.177226424    
  0.177627444    
  0.178026319    
  0.178427339    
  0.178826332    
  0.179227233    
  0.179626226    
  0.180027246    
  0.180426180    
  0.180827081    
  0.181226075    
  0.181626916    
  0.182026029    
  0.182426870    
  0.182825923    
  0.183226705    
  0.183625877    
  0.184026659    
  0.184427381    
  0.184826612    
  0.185227334    
  0.185626626    
  0.186027259    
  0.186426610    
  0.186827242    
  0.187226593    
  0.187627167    
  0.188026577    
  0.188427150    
  0.188826561    
  0.189227074    
  0.189626545    
  0.190026999    
  0.190426499    
  0.190826923    
  0.191226453    
  0.191626847    
  0.192026421    
  0.192426771    
  0.192826390    
  0.193226725    
  0.193626374    
  0.194026679    
  0.194426388    
  0.194826648    
  0.195226893    
  0.195626646    
  0.196026862    
  0.196426660    
  0.196826816    
  0.197226658    
  0.197626784    
  0.198026672    
  0.198426768    
  0.198826700    
  0.199226752    
  0.199626714    
  0.200026736    
  0.200426742    
  0.200826719    
  0.201226756    
  0.201626703    
  0.202026784    
  0.202426687    
  0.202826813    
  0.203226671    
  0.203626841    
  0.204026669    
  0.204426870    
  0.204826668    
  0.205226436    
  0.205626681    
  0.206026405    
  0.206426710    
  0.206826389    
  0.207226723    
  0.207626373    
  0.208026737    
  0.208426386    
  0.208826795    
  0.209226400    
  0.209626839    
  0.210026413    
  0.210426897    
  0.210826427    
  0.211226940    
  0.211626410    
  0.212027013    
  0.212426454    
  0.212827057    
  0.213226438    
  0.213627100    
  0.214026481    
  0.214427173    
  0.214826465    
  0.215225816    
  0.215626597    
  0.216025889    
  0.216426611    
  0.216825902    
  0.217226744    
  0.217625976    
  0.218026817    
  0.218425989    
  0.218826830    
  0.219226062    
  0.219626963    
  0.220026016    
  0.220427036    
  0.220826030    
  0.221227169    
  0.221626163    
  0.222027302    
  0.222426295    
  0.222827435    
  0.223226309    
  0.223627448    
  0.224026322    
  0.224427581    
  0.224826455    
  0.225227714    
  0.225626588    
  0.226025462    
  0.226426721    
  0.226825476    
  0.227226734    
  0.227625608    
  0.228026986    
  0.228425741    
  0.228827000    
  0.229225636    
  0.229627132    
  0.230025768    
  0.230427265    
  0.230825901    
  0.231227398    
  0.231626034    
  0.232027292    
  0.232425928    
  0.232827425    
  0.233226061    
  0.233627796    
  0.234026194    
  0.234427929    
  0.234826326    
  0.235228062    
  0.235626221    
  0.236024618    
  0.236426353    
  0.236824751    
  0.237226486    
  0.237624884    
  0.238026857    
  0.238425255    
  0.238826752    
  0.239225149    
  0.239626884    
  0.240025043    
  0.240427017    
  0.240825653    
  0.241227150    
  0.241625309    
  0.242027760    
  0.242425442    
  0.242827415    
  0.243225574    
  0.243628025    
  0.244025707    
  0.244427681    
  0.244825840    
  0.245227814    
  0.245625973    
  0.246023655    
  0.246426105    
  0.246823788    
  0.247226238    
  0.247623920    
  0.248026371    
  0.248424053    
  0.248826504    
  0.249224663    
  0.249626637    
  0.250024319    
  0.250426769    
  0.250824928    
  0.251226902    
  0.251624584    
  0.252027512    
  0.252425194    
  0.252827644    
  0.253225327    
  0.253628254    
  0.254025459    
  0.254427910    
  0.254825592    
  0.255228519    
  0.255626202    
  0.256028652    
  0.256425858    
  0.256823540    
  0.257225990    
  0.257623672    
  0.258026123    
  0.258423805    
  0.258827209    
  0.259223938    
  0.259627342    
  0.260024071    
  0.260427475    
  0.260824203    
  0.261227608    
  0.261625290    
  0.262027740    
  0.262425423    
  0.262827873    
  0.263225555    
  0.263628006    
  0.264025688    
  0.264429092    
  0.264825821    
  0.265229225    
  0.265625954    
  0.266029358    
  0.266426086    
  0.266823769    
  0.267227173    
  0.267623901    
  0.268026352    
  0.268423080    
  0.268826485    
  0.269223213    
  0.269627571    
  0.270024300    
  0.270427704    
  0.270823479    
  0.271226883    
  0.271623611    
  0.272027016    
  0.272424698    
  0.272828102    
  0.273225784    
  0.273628235    
  0.274024963    
  0.274428368    
  0.274825096    
  0.275229454    
  0.275626183    
  0.276030540    
  0.276426315    
  0.276823044    
  0.277226448    
  0.277623177    
  0.278026581    
  0.278423309    
  0.278827667    
  0.279223442    
  0.279627800    
  0.280023575    
  0.280426025    
  0.280822754    
  0.281227112    
  0.281623840    
  0.282026291    
  0.282423019    
  0.282827377    
  0.283224106    
  0.283628464    
  0.284025192    
  0.284429550    
  0.284824371    
  0.285228729    
  0.285625458    
  0.286029816    
  0.286426544    
  0.286821365    
  0.287225723    
  0.287622452    
  0.288026810    
  0.288423538    
  0.288827896    
  0.289224625    
  0.289627075    
  0.290023804    
  0.290428162    
  0.290824890    
  0.291229248    
  0.291625977    
  0.292030334    
  0.292425156    
  0.292829514    
  0.293224335    
  0.293630600    
  0.294025421    
  0.294431686    
  0.294826508    
  0.295230865    
  0.295625687    
  0.296030045    
  0.296426773    
  0.296831131    
  0.297227859    
  0.297622681    
  0.298027039    
  0.298423767    
  0.298828125    
  0.299222946    
  0.299627304    
  0.300024033    
  0.300428391    
  0.300823212    
  0.301229477    
  0.301624298    
  0.302028656    
  0.302423477    
  0.302829742    
  0.303224564    
  0.303628922    
  0.304025650    
  0.304430008    
  0.304824829    
  0.305229187    
  0.305625916    
  0.306030273    
  0.306425095    
  0.306831360    
  0.307224274    
  0.307621002    
  0.308025360    
  0.308422089    
  0.308826447    
  0.309223175    
  0.309627533    
  0.310022354    
  0.310428619    
  0.310823441    
  0.311229706    
  0.311624527    
  0.312030792    
  0.312425613    
  0.312831879    
  0.313224792    
  0.313629150    
  0.314025879    
  0.314434052    
  0.314826965    
  0.315231323    
  0.315628052    
  0.316032410    
  0.316429138    
  0.316833496    
  0.317230225    
  0.317623138    
  0.318031311    
  0.318424225    
  0.318828583    
  0.319225311    
  0.319629669    
  0.320026398    
  0.320419312    
  0.320838928    
  0.321231842    
  0.321624756    
  0.322021484    
  0.322437286    
  0.322834015    
  0.323226929    
  0.323623657    
  0.324039459    
  0.324432373    
  0.324829102    
  0.325222015    
  0.325641632    
  0.326034546    
  0.326431274    
  0.326824188    
  0.327239990    
  0.327636719    
  0.328029633    
  0.328426361    
  0.328819275    
  0.329238892    
  0.329631805    
  0.330024719    
  0.330417633    
  0.330837250    
  0.331233978    
  0.331626892    
  0.332019806    
  0.332439423    
  0.332832336    
  0.333225250    
  0.333621979    
  0.334041595    
  0.334434509    
  0.334827423    
  0.335224152    
  0.335639954    
  0.336032867    
  0.336429596    
  0.336822510    
  0.337242126    
  0.337635040    
  0.338031769    
  0.338420868    
  0.338813782    
  0.339237213    
  0.339630127    
  0.340023041    
  0.340415955    
  0.340839386    
  0.341228485    
  0.341621399    
  0.342018127    
  0.342437744    
  0.342830658    
  0.343223572    
  0.343620300    
  0.344036102    
  0.344429016    
  0.344825745    
  0.345218658    
  0.345638275    
  0.346031189    
  0.346427917    
  0.346817017    
  0.347236633    
  0.347633362    
  0.348026276    
  0.348419189    
  0.348812103    
  0.349235535    
  0.349624634    
  0.350017548    
  0.350410461    
  0.350833893    
  0.351226807    
  0.351619720    
  0.352012634    
  0.352432251    
  0.352825165    
  0.353218079    
  0.353614807    
  0.354034424    
  0.354427338    
  0.354820251    
  0.355213165    
  0.355632782    
  0.356025696    
  0.356422424    
  0.356811523    
  0.357234955    
  0.357627869    
  0.358020782    
  0.358409882    
  0.358802795    
  0.359230042    
  0.359622955    
  0.360015869    
  0.360412598    
  0.360832214    
  0.361228943    
  0.361618042    
  0.362007141    
  0.362434387    
  0.362823486    
  0.363220215    
  0.363609314    
  0.364036560    
  0.364425659    
  0.364814758    
  0.365211487    
  0.365631104    
  0.366027832    
  0.366416931    
  0.366813660    
  0.367233276    
  0.367622375    
  0.368019104    
  0.368408203    
  0.368797302    
  0.369224548    
  0.369621277    
  0.370010376    
  0.370399475    
  0.370826721    
  0.371215820    
  0.371604919    
  0.372001648    
  0.372428894    
  0.372817993    
  0.373207092    
  0.373596191    
  0.374023438    
  0.374412537    
  0.374809265    
  0.375205994    
  0.375625610    
  0.376014709    
  0.376403809    
  0.376800537    
  0.377220154    
  0.377616882    
  0.378013611    
  0.378402710    
  0.378822327    
  0.379211426    
  0.379608154    
  0.379997253    
  0.380393982    
  0.380821228    
  0.381210327    
  0.381599426    
  0.381988525    
  0.382415771    
  0.382804871    
  0.383201599    
  0.383590698    
  0.384017944    
  0.384407043    
  0.384796143    
  0.385185242    
  0.385612488    
  0.386009216    
  0.386398315    
  0.386787415    
  0.387214661    
  0.387603760    
  0.387992859    
  0.388381958    
  0.388816833    
  0.389205933    
  0.389602661    
  0.389991760    
  0.390380859    
  0.390808105    
  0.391197205    
  0.391593933    
  0.391990662    
  0.392417908    
  0.392807007    
  0.393196106    
  0.393585205    
  0.394012451    
  0.394409180    
  0.394805908    
  0.395195007    
  0.395622253    
  0.396011353    
  0.396400452    
  0.396797180    
  0.397224426    
  0.397621155    
  0.398010254    
  0.398399353    
  0.398826599    
  0.399215698    
  0.399612427    
