   0.00000000    
   8.08715820E-04
   1.59454346E-03
   2.40325928E-03
   3.18908691E-03
   3.99780273E-03
   4.79125977E-03
   5.59997559E-03
   6.39343262E-03
   7.19451904E-03
   7.98797607E-03
   8.79669189E-03
   9.58251953E-03
   1.03988647E-02
   1.11846924E-02
   1.19934082E-02
   1.27792358E-02
   1.35879517E-02
   1.43814087E-02
   1.51901245E-02
   1.59835815E-02
   1.67922974E-02
   1.75781250E-02
   1.83868408E-02
   1.91726685E-02
   1.99813843E-02
   2.07901001E-02
   2.15835571E-02
   2.23922729E-02
   2.31857300E-02
   2.39944458E-02
   2.47802734E-02
   2.55889893E-02
   2.63824463E-02
   2.71911621E-02
   2.79846191E-02
   2.88009644E-02
   2.95867920E-02
   3.03955078E-02
   3.11813354E-02
   3.19900513E-02
   3.27835083E-02
   3.35998535E-02
   3.43933105E-02
   3.51943970E-02
   3.59878540E-02
   3.67965698E-02
   3.75823975E-02
   3.83987427E-02
   3.91921997E-02
   4.00009155E-02
   4.08096313E-02
   4.15954590E-02
   4.23889160E-02
   4.31976318E-02
   4.40063477E-02
   4.47998047E-02
   4.56085205E-02
   4.64019775E-02
   4.72030640E-02
   4.79965210E-02
   4.88052368E-02
   4.95986938E-02
   5.04074097E-02
   5.12008667E-02
   5.20095825E-02
   5.27954102E-02
   5.36041260E-02
   5.43975830E-02
   5.52062988E-02
   5.59997559E-02
   5.68084717E-02
   5.76019287E-02
   5.84030151E-02
   5.91964722E-02
   6.00051880E-02
   6.08139038E-02
   6.16073608E-02
   6.24008179E-02
   6.32095337E-02
   6.40182495E-02
   6.48040771E-02
   6.56127930E-02
   6.64062500E-02
   6.72149658E-02
   6.80160522E-02
   6.88171387E-02
   6.96105957E-02
   7.04116821E-02
   7.12051392E-02
   7.20138550E-02
   7.28073120E-02
   7.36236572E-02
   7.44094849E-02
   7.52182007E-02
   7.60040283E-02
   7.68127441E-02
   7.76062012E-02
   7.84149170E-02
   7.92160034E-02
   8.00170898E-02
   8.08143616E-02
   8.16154480E-02
   8.24127197E-02
   8.32138062E-02
   8.40148926E-02
   8.48121643E-02
   8.56132507E-02
   8.64143372E-02
   8.72230530E-02
   8.80126953E-02
   8.88214111E-02
   8.96148682E-02
   9.04197693E-02
   9.12132263E-02
   9.20219421E-02
   9.28153992E-02
   9.36203003E-02
   9.44137573E-02
   9.52186584E-02
   9.60121155E-02
   9.68208313E-02
   9.76219177E-02
   9.84191895E-02
   9.92202759E-02
  0.100021362    
  0.100818634    
  0.101619720    
  0.102420807    
  0.103221893    
  0.104019165    
  0.104820251    
  0.105621338    
  0.106418610    
  0.107219696    
  0.108020782    
  0.108825684    
  0.109619141    
  0.110427856    
  0.111221313    
  0.112026215    
  0.112819672    
  0.113624573    
  0.114418030    
  0.115226746    
  0.116020203    
  0.116825104    
  0.117618561    
  0.118423462    
  0.119224548    
  0.120025635    
  0.120822906    
  0.121623993    
  0.122425079    
  0.123222351    
  0.124023438    
  0.124824524    
  0.125625610    
  0.126422882    
  0.127223969    
  0.128025055    
  0.128829956    
  0.129623413    
  0.130428314    
  0.131221771    
  0.132030487    
  0.132823944    
  0.133628845    
  0.134422302    
  0.135227203    
  0.136020660    
  0.136829376    
  0.137622833    
  0.138427734    
  0.139228821    
  0.140026093    
  0.140827179    
  0.141624451    
  0.142425537    
  0.143226624    
  0.144023895    
  0.144824982    
  0.145626068    
  0.146423340    
  0.147224426    
  0.148025513    
  0.148830414    
  0.149623871    
  0.150432587    
  0.151222229    
  0.152027130    
  0.152824402    
  0.153629303    
  0.154422760    
  0.155227661    
  0.156024933    
  0.156826019    
  0.157619476    
  0.158428192    
  0.159229279    
  0.160026550    
  0.160827637    
  0.161628723    
  0.162425995    
  0.163223267    
  0.164024353    
  0.164825439    
  0.165622711    
  0.166423798    
  0.167224884    
  0.168022156    
  0.168823242    
  0.169624329    
  0.170425415    
  0.171222687    
  0.172023773    
  0.172824860    
  0.173622131    
  0.174425125    
  0.175226212    
  0.176025391    
  0.176826477    
  0.177625656    
  0.178426743    
  0.179225922    
  0.180025101    
  0.180826187    
  0.181625366    
  0.182424545    
  0.183225632    
  0.184024811    
  0.184825897    
  0.185625076    
  0.186424255    
  0.187223434    
  0.188024521    
  0.188823700    
  0.189624786    
  0.190423965    
  0.191223145    
  0.192024231    
  0.192823410    
  0.193624496    
  0.194423676    
  0.195228577    
  0.196029663    
  0.196828842    
  0.197628021    
  0.198427200    
  0.199228287    
  0.200027466    
  0.200828552    
  0.201627731    
  0.202426910    
  0.203227997    
  0.204027176    
  0.204826355    
  0.205625534    
  0.206426620    
  0.207227707    
  0.208026886    
  0.208826065    
  0.209625244    
  0.210426331    
  0.211225510    
  0.212026596    
  0.212825775    
  0.213624954    
  0.214424133    
  0.215229034    
  0.216028214    
  0.216829300    
  0.217628479    
  0.218429565    
  0.219228745    
  0.220027924    
  0.220827103    
  0.221628189    
  0.222427368    
  0.223228455    
  0.224027634    
  0.224826813    
  0.225625992    
  0.226425171    
  0.227226257    
  0.228025436    
  0.228826523    
  0.229625702    
  0.230424881    
  0.231224060    
  0.232023239    
  0.232824326    
  0.233623505    
  0.234424591    
  0.235223770    
  0.236026764    
  0.236827850    
  0.237627029    
  0.238426208    
  0.239225388    
  0.240026474    
  0.240826607    
  0.241625786    
  0.242425919    
  0.243226051    
  0.244026184    
  0.244826317    
  0.245625496    
  0.246425629    
  0.247224808    
  0.248024940    
  0.248825073    
  0.249625206    
  0.250424385    
  0.251224518    
  0.252023697    
  0.252823830    
  0.253623962    
  0.254424095    
  0.255224228    
  0.256023407    
  0.256826401    
  0.257626534    
  0.258425713    
  0.259225845    
  0.260025978    
  0.260826111    
  0.261626244    
  0.262426376    
  0.263225555    
  0.264025688    
  0.264825821    
  0.265625000    
  0.266426086    
  0.267226219    
  0.268025398    
  0.268825531    
  0.269624710    
  0.270424843    
  0.271224976    
  0.272025108    
  0.272825241    
  0.273624420    
  0.274424553    
  0.275223732    
  0.276023865    
  0.276826859    
  0.277626991    
  0.278427124    
  0.279227257    
  0.280026436    
  0.280826569    
  0.281625748    
  0.282425880    
  0.283226013    
  0.284026146    
  0.284826279    
  0.285625458    
  0.286425591    
  0.287224770    
  0.288024902    
  0.288825035    
  0.289624691    
  0.290424824    
  0.291224957    
  0.292024612    
  0.292824268    
  0.293624401    
  0.294424534    
  0.295224190    
  0.296023846    
  0.296823978    
  0.297626019    
  0.298426151    
  0.299225807    
  0.300025940    
  0.300825596    
  0.301625729    
  0.302425385    
  0.303225517    
  0.304025650    
  0.304825306    
  0.305625439    
  0.306425095    
  0.307224751    
  0.308024883    
  0.308825016    
  0.309624672    
  0.310424805    
  0.311224937    
  0.312024593    
  0.312824249    
  0.313624382    
  0.314424515    
  0.315224171    
  0.316023827    
  0.316823959    
  0.317625999    
  0.318426132    
  0.319225788    
  0.320025921    
  0.320823669    
  0.321625471    
  0.322423697    
  0.323225737    
  0.324023724    
  0.324825525    
  0.325623512    
  0.326425314    
  0.327223539    
  0.328025103    
  0.328826666    
  0.329625130    
  0.330426693    
  0.331224918    
  0.332026482    
  0.332824707    
  0.333626270    
  0.334424496    
  0.335226059    
  0.336024523    
  0.336826086    
  0.337624311    
  0.338425875    
  0.339224339    
  0.340025663    
  0.340824127    
  0.341625452    
  0.342424154    
  0.343225479    
  0.344024062    
  0.344825268    
  0.345623851    
  0.346425056    
  0.347223639    
  0.348024845    
  0.348826051    
  0.349624872    
  0.350426078    
  0.351224780    
  0.352025867    
  0.352824688    
  0.353625774    
  0.354424596    
  0.355225682    
  0.356024623    
  0.356825709    
  0.357624650    
  0.358425498    
  0.359224439    
  0.360025406    
  0.360824406    
  0.361625373    
  0.362424433    
  0.363225341    
  0.364024401    
  0.364825189    
  0.365624249    
  0.366425037    
  0.367224216    
  0.368025005    
  0.368825734    
  0.369624913    
  0.370425582    
  0.371224880    
  0.372025520    
  0.372824818    
  0.373625398    
  0.374424756    
  0.375225335    
  0.376024693    
  0.376825273    
  0.377624691    
  0.378425211    
  0.379224718    
  0.380025208    
  0.380824715    
  0.381625146    
  0.382424712    
  0.383225143    
  0.384024739    
  0.384825081    
  0.385624737    
  0.386425078    
  0.387224734    
  0.388025016    
  0.388824731    
  0.389624953    
  0.390425205    
  0.391224980    
  0.392025173    
  0.392824978    
  0.393625140    
  0.394424975    
  0.395225108    
  0.396025002    
  0.396825105    
  0.397625029    
  0.398425102    
  0.399225086    
  0.400025100    
  0.400825113    
  0.401625097    
  0.402425140    
  0.403225094    
  0.404025197    
  0.404825091    
  0.405625224    
  0.406425089    
  0.407225251    
  0.408025086    
  0.408825308    
  0.409625083    
  0.410424888    
  0.411225140    
  0.412024885    
  0.412825197    
  0.413624883    
  0.414425254    
  0.415224940    
  0.416025311    
  0.416824937    
  0.417625368    
  0.418424994    
  0.419225454    
  0.420024991    
  0.420825511    
  0.421625048    
  0.422425568    
  0.423225045    
  0.424025655    
  0.424825102    
  0.425625712    
  0.426425099    
  0.427225769    
  0.428025156    
  0.428825855    
  0.429625154    
  0.430424452    
  0.431225240    
  0.432024539    
  0.432825327    
  0.433624625    
  0.434425414    
  0.435224593    
  0.436025441    
  0.436824560    
  0.437625468    
  0.438424647    
  0.439225614    
  0.440024734    
  0.440825701    
  0.441624641    
  0.442425728    
  0.443224669    
  0.444025755    
  0.444824696    
  0.445625901    
  0.446424842    
  0.447225928    
  0.448024869    
  0.448826075    
  0.449624896    
  0.450426221    
  0.451225042    
  0.452023983    
  0.452825308    
  0.453624010    
  0.454425335    
  0.455224037    
  0.456025481    
  0.456824303    
  0.457625628    
  0.458424330    
  0.459225655    
  0.460024357    
  0.460825682    
  0.461624384    
  0.462425947    
  0.463224649    
  0.464025974    
  0.464824677    
  0.465626240    
  0.466424704    
  0.467226505    
  0.468024731    
  0.468826532    
  0.469624996    
  0.470426798    
  0.471225023    
  0.472023487    
  0.472825289    
  0.473623753    
  0.474425554    
  0.475224018    
  0.476025820    
  0.476824045    
  0.477625847    
  0.478424311    
  0.479226112    
  0.480024338    
  0.480826378    
  0.481624603    
  0.482426167    
  0.483224392    
  0.484026909    
  0.484824657    
  0.485626698    
  0.486424923    
  0.487226963    
  0.488024712    
  0.488826752    
  0.489624977    
  0.490427017    
  0.491225243    
  0.492022991    
  0.492825508    
  0.493623257    
  0.494425774    
  0.495223522    
  0.496025562    
  0.496823311    
  0.497625828    
  0.498424053    
  0.499226093    
  0.500023842    
  0.500826359    
  0.501624107    
  0.502426147    
  0.503223896    
  0.504026890    
  0.504824162    
  0.505626678    
  0.506424427    
  0.507226944    
  0.508024216    
  0.508826733    
  0.509624481    
  0.510426998    
  0.511224747    
  0.512027264    
  0.512825012    
  0.513623238    
  0.514425278    
  0.515222549    
  0.516024590    
  0.516821861    
  0.517624855    
  0.518422127    
  0.519226074    
  0.520023346    
  0.520826340    
  0.521622658    
  0.522425652    
  0.523222923    
  0.524025917    
  0.524824142    
  0.525627136    
  0.526424408    
  0.527226448    
  0.528023720    
  0.528826714    
  0.529623985    
  0.530427933    
  0.531225204    
  0.532028198    
  0.532824516    
  0.533621788    
  0.534424782    
  0.535222054    
  0.536025047    
  0.536822319    
  0.537625313    
  0.538421631    
  0.539225578    
  0.540021896    
  0.540825844    
  0.541622162    
  0.542426109    
  0.543223381    
  0.544026375    
  0.544823647    
  0.545626640    
  0.546423912    
  0.547226906    
  0.548024178    
  0.548828125    
  0.549624443    
  0.550428391    
  0.551224709    
  0.552028656    
  0.552824974    
  0.553622246    
  0.554426193    
  0.555222511    
  0.556025505    
  0.556821823    
  0.557625771    
  0.558422089    
  0.559226036    
  0.560022354    
  0.560825348    
  0.561622620    
  0.562427521    
  0.563224792    
  0.564027786    
  0.564823151    
  0.565628052    
  0.566423416    
  0.567228317    
  0.568025589    
  0.568830490    
  0.569625854    
  0.570428848    
  0.571226120    
  0.572029114    
  0.572826385    
  0.573621750    
  0.574426651    
  0.575223923    
  0.576026917    
  0.576824188    
  0.577627182    
  0.578424454    
  0.579227448    
  0.580024719    
  0.580829620    
  0.581624985    
  0.582429886    
  0.583225250    
  0.584030151    
  0.584825516    
  0.585630417    
  0.586425781    
  0.587230682    
  0.588026047    
  0.588830948    
  0.589626312    
  0.590431213    
  0.591226578    
  0.592031479    
  0.592826843    
  0.593631744    
  0.594427109    
  0.595222473    
  0.596027374    
  0.596824646    
  0.597629547    
  0.598423004    
  0.599227905    
  0.600023270    
  0.600828171    
  0.601623535    
  0.602430344    
  0.603225708    
  0.604028702    
  0.604824066    
  0.605628967    
  0.606424332    
  0.607229233    
  0.608026505    
  0.608831406    
  0.609624863    
  0.610429764    
  0.611225128    
  0.612030029    
  0.612825394    
  0.613632202    
  0.614425659    
  0.615221024    
  0.616025925    
  0.616821289    
  0.617626190    
  0.618421555    
  0.619226456    
  0.620021820    
  0.620826721    
  0.621622086    
  0.622426987    
  0.623222351    
  0.624027252    
  0.624822617    
  0.625629425    
  0.626422882    
  0.627227783    
  0.628025055    
  0.628829956    
  0.629623413    
  0.630428314    
  0.631225586    
  0.632030487    
  0.632827759    
  0.633632660    
  0.634426117    
  0.635219574    
  0.636028290    
  0.636821747    
  0.637626648    
  0.638423920    
  0.639228821    
  0.640022278    
  0.640815735    
  0.641635895    
  0.642429352    
  0.643222809    
  0.644020081    
  0.644836426    
  0.645629883    
  0.646423340    
  0.647220612    
  0.648036957    
  0.648830414    
  0.649627686    
  0.650421143    
  0.651237488    
  0.652030945    
  0.652828217    
  0.653621674    
  0.654438019    
  0.655235291    
  0.656028748    
  0.656822205    
  0.657615662    
  0.658435822    
  0.659229279    
  0.660022736    
  0.660816193    
  0.661636353    
  0.662429810    
  0.663223267    
  0.664016724    
  0.664836884    
  0.665630341    
  0.666423798    
  0.667221069    
  0.668037415    
  0.668830872    
  0.669624329    
  0.670421600    
  0.671237946    
  0.672031403    
  0.672828674    
  0.673618317    
  0.674438477    
  0.675231934    
  0.676029205    
  0.676818848    
  0.677612305    
  0.678436279    
  0.679225922    
  0.680019379    
  0.680812836    
  0.681636810    
  0.682426453    
  0.683219910    
  0.684017181    
  0.684833527    
  0.685626984    
  0.686420441    
  0.687217712    
  0.688034058    
  0.688827515    
  0.689624786    
  0.690414429    
  0.691234589    
  0.692028046    
  0.692825317    
  0.693614960    
  0.694435120    
  0.695232391    
  0.696022034    
  0.696815491    
  0.697608948    
  0.698432922    
  0.699222565    
  0.700016022    
  0.700809479    
  0.701629639    
  0.702423096    
  0.703216553    
  0.704010010    
  0.704830170    
  0.705623627    
  0.706417084    
  0.707210541    
  0.708030701    
  0.708824158    
  0.709617615    
  0.710411072    
  0.711231232    
  0.712024689    
  0.712818146    
  0.713607788    
  0.714431763    
  0.715225220    
  0.716018677    
  0.716808319    
  0.717601776    
  0.718425751    
  0.719219208    
  0.720008850    
  0.720802307    
  0.721618652    
  0.722412109    
  0.723205566    
  0.723999023    
  0.724830627    
  0.725616455    
  0.726409912    
  0.727195740    
  0.728019714    
  0.728813171    
  0.729606628    
  0.730407715    
  0.731224060    
  0.732017517    
  0.732803345    
  0.733596802    
  0.734420776    
  0.735214233    
  0.736015320    
  0.736801147    
  0.737586975    
  0.738410950    
  0.739204407    
  0.739997864    
  0.740791321    
  0.741622925    
  0.742408752    
  0.743194580    
  0.743988037    
  0.744812012    
  0.745605469    
  0.746398926    
  0.747192383    
  0.748016357    
  0.748802185    
  0.749595642    
  0.750389099    
  0.751213074    
  0.752006531    
  0.752799988    
  0.753593445    
  0.754409790    
  0.755203247    
  0.755996704    
  0.756790161    
  0.757614136    
  0.758407593    
  0.759201050    
  0.759986877    
  0.760780334    
  0.761604309    
  0.762397766    
  0.763191223    
  0.763984680    
  0.764808655    
  0.765594482    
  0.766387939    
  0.767173767    
  0.768005371    
  0.768798828    
  0.769592285    
  0.770378113    
  0.771202087    
  0.771995544    
  0.772781372    
  0.773574829    
  0.774406433    
  0.775199890    
  0.775985718    
  0.776771545    
  0.777603149    
  0.778388977    
  0.779182434    
  0.779975891    
  0.780769348    
  0.781593323    
  0.782379150    
  0.783172607    
  0.783966064    
  0.784790039    
  0.785583496    
  0.786376953    
  0.787170410    
  0.787994385    
  0.788787842    
  0.789581299    
  0.790367126    
  0.791198730    
  0.791992188    
  0.792785645    
  0.793579102    
  0.794403076    
  0.795196533    
  0.795982361    
  0.796775818    
  0.797607422    
  0.798400879    
  0.799194336    
