   100.000000    
   99.6011963    
   99.2031937    
   98.8059921    
   98.4095917    
   98.0139923    
   97.6191940    
   97.2251968    
   96.8319931    
   96.4395905    
   96.0479889    
   95.6571884    
   95.2671890    
   94.8779907    
   94.4895935    
   94.1019897    
   93.7151871    
   93.3291855    
   92.9439850    
   92.5595856    
   92.1759872    
   91.7931900    
   91.4111862    
   91.0299835    
   90.6495819    
   90.2699814    
   89.8911819    
   89.5131836    
   89.1359863    
   88.7595901    
   88.3839874    
   88.0091858    
   87.6351852    
   87.2619858    
   86.8895874    
   86.5179901    
   86.1471939    
   85.7771912    
   85.4079895    
   85.0395889    
   84.6719894    
   84.3051910    
   83.9391937    
   83.5739975    
   83.2095947    
   82.8459930    
   82.4831924    
   82.1211929    
   81.7599945    
   81.3995972    
   81.0400009    
   80.6811981    
   80.3231964    
   79.9659958    
   79.6095963    
   79.2539978    
   78.8992004    
   78.5452042    
   78.1920013    
   77.8395996    
   77.4879990    
   77.1371994    
   76.7872009    
   76.4380035    
   76.0896072    
   75.7420044    
   75.3952026    
   75.0492020    
   74.7040024    
   74.3596039    
   74.0160065    
   73.6732101    
   73.3312073    
   72.9900055    
   72.6496048    
   72.3100052    
   71.9712067    
   71.6332092    
   71.2960129    
   70.9596100    
   70.6240082    
   70.2892075    
   69.9552078    
   69.6220093    
   69.2896118    
   68.9580154    
   68.6272125    
   68.2972107    
   67.9680099    
   67.6396103    
   67.3120117    
   66.9852142    
   66.6592178    
   66.3340149    
   66.0096130    
   65.6860123    
   65.3632126    
   65.0412140    
   64.7200165    
   64.3996201    
   64.0800171    
   63.7612152    
   63.4432144    
   63.1260147    
   62.8096161    
   62.4940147    
   62.1792145    
   61.8652153    
   61.5520172    
   61.2396164    
   60.9280167    
   60.6172180    
   60.3072166    
   59.9980164    
   59.6896172    
   59.3820190    
   59.0752182    
   58.7692184    
   58.4640198    
   58.1596184    
   57.8560181    
   57.5532188    
   57.2512207    
   56.9500198    
   56.6496201    
   56.3500214    
   56.0512199    
   55.7532196    
   55.4560204    
   55.1596222    
   54.8640213    
   54.5692215    
   54.2752228    
   53.9820213    
   53.6896210    
   53.3980217    
   53.1072235    
   52.8172226    
   52.5280228    
   52.2396240    
   51.9520226    
   51.6652222    
   51.3792229    
   51.0940247    
   50.8096237    
   50.5260239    
   50.2432251    
   49.9612236    
   49.6800232    
   49.3996239    
   49.1200256    
   48.8412247    
   48.5632248    
   48.2860260    
   48.0096245    
   47.7340240    
   47.4592247    
   47.1852264    
   46.9120255    
   46.6396255    
   46.3680267    
   46.0972252    
   45.8272247    
   45.5580254    
   45.2896271    
   45.0220261    
   44.7552261    
   44.4892273    
   44.2240257    
   43.9596252    
   43.6960258    
   43.4332275    
   43.1712265    
   42.9100266    
   42.6496277    
   42.3900261    
   42.1312256    
   41.8732262    
   41.6160278    
   41.3596268    
   41.1040268    
   40.8492279    
   40.5952263    
   40.3420258    
   40.0896263    
   39.8380280    
   39.5872269    
   39.3372269    
   39.0880280    
   38.8396263    
   38.5920258    
   38.3452263    
   38.0992279    
   37.8540268    
   37.6096268    
   37.3660278    
   37.1232262    
   36.8812256    
   36.6400261    
   36.3996277    
   36.1600266    
   35.9212265    
   35.6832275    
   35.4460258    
   35.2096252    
   34.9740257    
   34.7392273    
   34.5052261    
   34.2720261    
   34.0396271    
   33.8080254    
   33.5772247    
   33.3472252    
   33.1180267    
   32.8896255    
   32.6620255    
   32.4352264    
   32.2092247    
   31.9840240    
   31.7596245    
   31.5360241    
   31.3132248    
   31.0912247    
   30.8700256    
   30.6496258    
   30.4300251    
   30.2112255    
   29.9932251    
   29.7760258    
   29.5596256    
   29.3440266    
   29.1292267    
   28.9152260    
   28.7020264    
   28.4896259    
   28.2780266    
   28.0672264    
   27.8572273    
   27.6480274    
   27.4396267    
   27.2320271    
   27.0252266    
   26.8192272    
   26.6140270    
   26.4096279    
   26.2060280    
   26.0032272    
   25.8012276    
   25.6000271    
   25.3996277    
   25.2000275    
   25.0012283    
   24.8032284    
   24.6060276    
   24.4096279    
   24.2140274    
   24.0192280    
   23.8252277    
   23.6320286    
   23.4396286    
   23.2480278    
   23.0572281    
   22.8672276    
   22.6780281    
   22.4896278    
   22.3020287    
   22.1152287    
   21.9292278    
   21.7440281    
   21.5596275    
   21.3760281    
   21.1932278    
   21.0112286    
   20.8300285    
   20.6496277    
   20.4700279    
   20.2912273    
   20.1132278    
   19.9360275    
   19.7596283    
   19.5840282    
   19.4092274    
   19.2352276    
   19.0620270    
   18.8896275    
   18.7180271    
   18.5472279    
   18.3772278    
   18.2080269    
   18.0396271    
   17.8720264    
   17.7052269    
   17.5392265    
   17.3740273    
   17.2096272    
   17.0460262    
   16.8832264    
   16.7212257    
   16.5600262    
   16.3996258    
   16.2400265    
   16.0812263    
   15.9232264    
   15.7660265    
   15.6096268    
   15.4540272    
   15.2992268    
   15.1452265    
   14.9920263    
   14.8396263    
   14.6880264    
   14.5372267    
   14.3872271    
   14.2380266    
   14.0896263    
   13.9420261    
   13.7952261    
   13.6492262    
   13.5040264    
   13.3596268    
   13.2160263    
   13.0732260    
   12.9312258    
   12.7900257    
   12.6496258    
   12.5100260    
   12.3712263    
   12.2332268    
   12.0960264    
   11.9596262    
   11.8240261    
   11.6892262    
   11.5552263    
   11.4220266    
   11.2896271    
   11.1580267    
   11.0272264    
   10.8972263    
   10.7680264    
   10.6396265    
   10.5120268    
   10.3852272    
   10.2592268    
   10.1340265    
   10.0096264    
   9.88602638    
   9.76322651    
   9.64122677    
   9.52002716    
   9.39962673    
   9.28002644    
   9.16122627    
   9.04322624    
   8.92602634    
   8.80962658    
   8.69402695    
   8.57922649    
   8.46522617    
   8.35202599    
   8.23962593    
   8.12802601    
   8.01722622    
   7.90722609    
   7.79802608    
   7.68962622    
   7.58202600    
   7.47522593    
   7.36922598    
   7.26402617    
   7.15962601    
   7.05602598    
   6.95322609    
   6.85122585    
   6.75002575    
   6.64962578    
   6.55002594    
   6.45122576    
   6.35322571    
   6.25602579    
   6.15962601    
   6.06402588    
   5.96922588    
   5.87522602    
   5.78202581    
   5.68962574    
   5.59802580    
   5.50722599    
   5.41722584    
   5.32802582    
   5.23962593    
   5.15202570    
   5.06522560    
   4.97922564    
   4.89402580    
   4.80962563    
   4.72602558    
   4.64322567    
   4.56122589    
   4.48002577    
   4.39962578    
   4.32002592    
   4.24122572    
   4.16322565    
   4.08602571    
   4.00962591    
   3.93402600    
   3.85922599    
   3.78522587    
   3.71202588    
   3.63962579    
   3.56802583    
   3.49722576    
   3.42722583    
   3.35802579    
   3.28962588    
   3.22202587    
   3.15522575    
   3.08922577    
   3.02402568    
   2.95962572    
   2.89602566    
   2.83322573    
   2.77122569    
   2.71002579    
   2.64962578    
   2.59002566    
   2.53122568    
   2.47322559    
   2.41602564    
   2.35962558    
   2.30402565    
   2.24922562    
   2.19522548    
   2.14202547    
   2.08962536    
   2.03802538    
   1.98722541    
   1.93722546    
   1.88802552    
   1.83962548    
   1.79202545    
   1.74522543    
   1.69922543    
   1.65402544    
   1.60962546    
   1.56602550    
   1.52322555    
   1.48122549    
   1.44002545    
   1.39962542    
   1.36002541    
   1.32122540    
   1.28322542    
   1.24602544    
   1.20962548    
   1.17402542    
   1.13922536    
   1.10522532    
   1.07202530    
   1.03962529    
   1.00802529    
  0.977225304    
  0.947225273    
  0.918025255    
  0.889625251    
  0.862025261    
  0.835225224    
  0.809225202    
  0.784025192    
  0.759625196    
  0.736025155    
  0.713225186    
  0.691225171    
  0.670025170    
  0.649625182    
  0.630025208    
  0.611225188    
  0.593225181    
  0.576025188    
  0.559625208    
  0.544025183    
  0.529225171    
  0.515225172    
  0.502025187    
  0.489625156    
  0.478025138    
  0.467225105    
  0.457225084    
  0.448025107    
  0.439625084    
  0.432025105    
  0.425225079    
  0.419225097    
  0.414025068    
  0.409625083    
  0.406025082    
  0.403225094    
  0.401225090    
  0.400025100    
  0.399625093    
  0.400025100    
  0.401225090    
  0.403225094    
  0.406025082    
  0.409625083    
  0.414025068    
  0.419225067    
  0.425225049    
  0.432025045    
  0.439625025    
  0.448025018    
  0.457224995    
  0.467224985    
  0.478024989    
  0.489624977    
  0.502025008    
  0.515224993    
  0.529224992    
  0.544025004    
  0.559625030    
  0.576025009    
  0.593225002    
  0.611225009    
  0.630025029    
  0.649625003    
  0.670024991    
  0.691224992    
  0.713225007    
  0.736024976    
  0.759624958    
  0.784024954    
  0.809224963    
  0.835224926    
  0.862024903    
  0.889624894    
  0.918024898    
  0.947224855    
  0.977224827    
   1.00802481    
   1.03962481    
   1.07202482    
   1.10522485    
   1.13922489    
   1.17402482    
   1.20962477    
   1.24602473    
   1.28322470    
   1.32122469    
   1.36002469    
   1.39962471    
   1.44002473    
   1.48122466    
   1.52322459    
   1.56602454    
   1.60962451    
   1.65402448    
   1.69922447    
   1.74522448    
   1.79202449    
   1.83962440    
   1.88802445    
   1.93722439    
   1.98722434    
   2.03802443    
   2.08962440    
   2.14202452    
   2.19522452    
   2.24922442    
   2.30402446    
   2.35962439    
   2.41602445    
   2.47322440    
   2.53122449    
   2.59002447    
   2.64962435    
   2.71002436    
   2.77122426    
   2.83322430    
   2.89602423    
   2.95962429    
   3.02402425    
   3.08922434    
   3.15522432    
   3.22202420    
   3.28962421    
   3.35802412    
   3.42722416    
   3.49722409    
   3.56802416    
   3.63962412    
   3.71202421    
   3.78522420    
   3.85922432    
   3.93402433    
   4.00962448    
   4.08602428    
   4.16322422    
   4.24122429    
   4.32002449    
   4.39962435    
   4.48002434    
   4.56122446    
   4.64322424    
   4.72602415    
   4.80962420    
   4.89402437    
   4.97922421    
   5.06522417    
   5.15202427    
   5.23962402    
   5.32802391    
   5.41722393    
   5.50722408    
   5.59802389    
   5.68962383    
   5.78202391    
   5.87522411    
   5.96922398    
   6.06402397    
   6.15962410    
   6.25602388    
   6.35322380    
   6.45122385    
   6.55002403    
   6.64962387    
   6.75002384    
   6.85122395    
   6.95322371    
   7.05602360    
   7.15962362    
   7.26402378    
   7.36922359    
   7.47522354    
   7.58202362    
   7.68962336    
   7.79802322    
   7.90722322    
   8.01722336    
   8.12802315    
   8.23962307    
   8.35202312    
   8.46522331    
   8.57922363    
   8.69402313    
   8.80962276    
   8.92602253    
   9.04322243    
   9.16122246    
   9.28002262    
   9.39962292    
   9.52002335    
   9.64122295    
   9.76322269    
   9.88602257    
   10.0096226    
   10.1340227    
   10.2592230    
   10.3852234    
   10.5120230    
   10.6396227    
   10.7680225    
   10.8972225    
   11.0272226    
   11.1580229    
   11.2896233    
   11.4220228    
   11.5552225    
   11.6892223    
   11.8240223    
   11.9596224    
   12.0960226    
   12.2332230    
   12.3712225    
   12.5100222    
   12.6496220    
   12.7900219    
   12.9312220    
   13.0732222    
   13.2160225    
   13.3596230    
   13.5040226    
   13.6492224    
   13.7952223    
   13.9420223    
   14.0896225    
   14.2380228    
   14.3872232    
   14.5372229    
   14.6880226    
   14.8396225    
   14.9920225    
   15.1452227    
   15.2992229    
   15.4540234    
   15.6096230    
   15.7660227    
   15.9232225    
   16.0812225    
   16.2400227    
   16.3996220    
   16.5600224    
   16.7212219    
   16.8832226    
   17.0460224    
   17.2096233    
   17.3740234    
   17.5392227    
   17.7052231    
   17.8720226    
   18.0396233    
   18.2080231    
   18.3772240    
   18.5472240    
   18.7180233    
   18.8896236    
   19.0620232    
   19.2352238    
   19.4092236    
   19.5840244    
   19.7596245    
   19.9360237    
   20.1132240    
   20.2912235    
   20.4700241    
   20.6496239    
   20.8300247    
   21.0112247    
   21.1932240    
   21.3760242    
   21.5596237    
   21.7440243    
   21.9292240    
   22.1152248    
   22.3020248    
   22.4896240    
   22.6780243    
   22.8672237    
   23.0572243    
   23.2480240    
   23.4396248    
   23.6320248    
   23.8252239    
   24.0192242    
   24.2140236    
   24.4096241    
   24.6060238    
   24.8032246    
   25.0012245    
   25.2000237    
   25.3996239    
   25.6000233    
   25.8012238    
   26.0032234    
   26.2060242    
   26.4096241    
   26.6140232    
   26.8192234    
   27.0252228    
   27.2320232    
   27.4396229    
   27.6480236    
   27.8572235    
   28.0672226    
   28.2780228    
   28.4896221    
   28.7020226    
   28.9152222    
   29.1292229    
   29.3440228    
   29.5596218    
   29.7760220    
   29.9932213    
   30.2112217    
   30.4300213    
   30.6496220    
   30.8700218    
   31.0912209    
   31.3132210    
   31.5360203    
   31.7596207    
   31.9840202    
   32.2092209    
   32.4352226    
   32.6620216    
   32.8896217    
   33.1180229    
   33.3472214    
   33.5772209    
   33.8080215    
   34.0396233    
   34.2720222    
   34.5052223    
   34.7392235    
   34.9740219    
   35.2096214    
   35.4460220    
   35.6832237    
   35.9212227    
   36.1600227    
   36.3996239    
   36.6400223    
   36.8812218    
   37.1232224    
   37.3660240    
   37.6096230    
   37.8540230    
   38.0992241    
   38.3452225    
   38.5920219    
   38.8396225    
   39.0880241    
   39.3372231    
   39.5872231    
   39.8380241    
   40.0896225    
   40.3420219    
   40.5952225    
   40.8492241    
   41.1040230    
   41.3596230    
   41.6160240    
   41.8732224    
   42.1312218    
   42.3900223    
   42.6496239    
   42.9100227    
   43.1712227    
   43.4332237    
   43.6960220    
   43.9596214    
   44.2240219    
   44.4892235    
   44.7552223    
   45.0220222    
   45.2896233    
   45.5580215    
   45.8272209    
   46.0972214    
   46.3680229    
   46.6396217    
   46.9120216    
   47.1852226    
   47.4592209    
   47.7340202    
   48.0096207    
   48.2860222    
   48.5632210    
   48.8412209    
   49.1200218    
   49.3996201    
   49.6800194    
   49.9612198    
   50.2432213    
   50.5260201    
   50.8096199    
   51.0940208    
   51.3792191    
   51.6652184    
   51.9520187    
   52.2396202    
   52.5280190    
   52.8172188    
   53.1072197    
   53.3980179    
   53.6896172    
   53.9820175    
   54.2752190    
   54.5692177    
   54.8640175    
   55.1596184    
   55.4560165    
   55.7532158    
   56.0512161    
   56.3500175    
   56.6496162    
   56.9500160    
   57.2512169    
   57.5532150    
   57.8560143    
   58.1596146    
   58.4640160    
   58.7692146    
   59.0752144    
   59.3820152    
   59.6896133    
   59.9980125    
   60.3072128    
   60.6172142    
   60.9280128    
   61.2396126    
   61.5520134    
   61.8652115    
   62.1792107    
   62.4940109    
   62.8096123    
   63.1260109    
   63.4432106    
   63.7612114    
   64.0800095    
   64.3996124    
   64.7200089    
   65.0412064    
   65.3632050    
   65.6860046    
   66.0096054    
   66.3340073    
   66.6592102    
   66.9852066    
   67.3120041    
   67.6396027    
   67.9680023    
   68.2972031    
   68.6272049    
   68.9580078    
   69.2896042    
   69.6220016    
   69.9552002    
   70.2891998    
   70.6240005    
   70.9596024    
   71.2960052    
   71.6332016    
   71.9711990    
   72.3099976    
   72.6495972    
   72.9899979    
   73.3311996    
   73.6732025    
   74.0159988    
   74.3595963    
   74.7039948    
   75.0491943    
   75.3951950    
   75.7419968    
   76.0895996    
   76.4379959    
   76.7871933    
   77.1371918    
   77.4879913    
   77.8395920    
   78.1919937    
   78.5451965    
   78.8991928    
   79.2539902    
   79.6095886    
   79.9659882    
   80.3231888    
   80.6811905    
   81.0399933    
   81.3995895    
   81.7599869    
   82.1211853    
   82.4831848    
   82.8459854    
   83.2095871    
   83.5739899    
   83.9391861    
   84.3051834    
   84.6719818    
   85.0395813    
   85.4079819    
   85.7771835    
   86.1471863    
   86.5179825    
   86.8895798    
   87.2619781    
   87.6351776    
   88.0091782    
   88.3839798    
   88.7595825    
   89.1359787    
   89.5131760    
   89.8911743    
   90.2699738    
   90.6495743    
   91.0299759    
   91.4111786    
   91.7931747    
   92.1759720    
   92.5595703    
   92.9439697    
   93.3291702    
   93.7151718    
   94.1019745    
   94.4895782    
   94.8779755    
   95.2671738    
   95.6571732    
   96.0479736    
   96.4395752    
   96.8319778    
   97.2251816    
   97.6191788    
   98.0139771    
   98.4095764    
   98.8059769    
   99.2031784    
   99.6011810    
   99.9999847    
   100.399582    
